VBH=563.000000
TF=translate(0.000000,563.000000) scale(0.100000,-0.100000)
BBOX=1229x562+1+2
